list(EC50_sita=1.04681E+01, Emax_met=3.23552E+01, Ka_glu=9.88245E+00, sd.x=1.00000E+00)
