list(EC50_sita=1.85055E+01, Emax_met=5.27167E-01, Ka_glu=9.14668E+00, sd.x=4.00000E+00)
